cam0:
 fx: 1987.056256568158
 fy: 1987.056256568158
        
 cx: 1093.500298952126
 cy: 866.9088903543686        
 k1: -0.14981977634391333
 k2: -0.08593589340885537    
            
 tvec: [0.0, 0.0, 0.0]        
 rvec: [0.0, 0.0, 0.0]
 width: 1920
 height: 1440
 
cam1:
 fx: 1973.047227618774
 fy: 1973.047227618774
        
 cx: 1025.0670209192651
 cy: 841.4264394134296
        
 k1: -0.15244075354715458
 k2: -0.05594888490548099
        
 tvec: [0.1294776881086207, 0.0021832385850557375, -0.011641424658114402]                
 rvec: [-0.0018785701226511835, 0.014522091363680155, 0.0013294885018857211]
 width: 1920
 height: 1440